relax: 0.1
urelax: 0.1
dt: 10
fixedpointtol: 0.01
Ldim: 0.01
L: 1
alpha: 0.07
alpharad: 0.069886
g: 9.81
nu: 1e-06
rho00: 1115
mu: 0.001115
kappa0: 1e-09
Sc: 1000
drhodz: -100
Nvar: 0.937988
gamma: 1017.66
u0: 2.90759e-05
beta0: 0.000896861
beta: 30259.4
Re: 0.290759
kappa: 0.00343927
St: 322.599
xlen: 5
ylen: 2.5
topandbottom: 16
leftandright: 8
wedgeslope: 64
wedgeback: 16
