relax: 0.1
urelax: 0.1
dt: 10
fixedpointtol: 0.01
Ldim: 0.01
L: 1
alpha: 0.1
alpharad: 0.0996687
g: 9.81
nu: 1e-06
rho00: 1115
mu: 0.001115
kappa0: 3.33333e-10
Sc: 3000
drhodz: -1
Nvar: 0.0937988
gamma: 505.573
u0: 3.37048e-06
beta0: 8.96861e-06
beta: 2610.37
Re: 0.0337048
kappa: 0.00988978
St: 278.295
xlen: 5
ylen: 2.5
topandbottom: 16
leftandright: 8
wedgeslope: 64
wedgeback: 16
