relax: 0.1
urelax: 0.1
dt: 10
fixedpointtol: 0.01
Ldim: 0.01
L: 1
alpha: 0.1
alpharad: 0.0996687
g: 9.81
nu: 1e-06
rho00: 1115
mu: 0.001115
kappa0: 1e-06
Sc: 1
drhodz: -0.01
Nvar: 0.00937988
gamma: 21.6025
u0: 0.000432049
beta0: 8.96861e-08
beta: 0.203639
Re: 4.32049
kappa: 0.231455
St: 0.217102
xlen: 5
ylen: 2.5
topandbottom: 16
leftandright: 8
wedgeslope: 64
wedgeback: 16
