relax: 0.1
urelax: 0.1
dt: 10
fixedpointtol: 0.01
Ldim: 0.01
L: 1
alpha: 0.1
alpharad: 0.0996687
g: 9.81
nu: 1e-06
rho00: 1115
mu: 0.001115
kappa0: 1e-08
Sc: 100
drhodz: -750
Nvar: 2.56878
gamma: 1130.49
u0: 0.000226099
beta0: 0.00672646
beta: 29184.8
Re: 2.26099
kappa: 0.00442284
St: 113.613
xlen: 5
ylen: 2.5
topandbottom: 16
leftandright: 8
wedgeslope: 64
wedgeback: 16
