relax: 0.1
urelax: 0.1
dt: 10
fixedpointtol: 0.01
Ldim: 0.01
L: 1
alpha: 0.1
alpharad: 0.0996687
g: 9.81
nu: 1e-06
rho00: 1115
mu: 0.001115
kappa0: 1e-09
Sc: 1000
drhodz: -250
Nvar: 1.48309
gamma: 1527.52
u0: 3.05505e-05
beta0: 0.00224215
beta: 71997.3
Re: 0.305505
kappa: 0.00327327
St: 485.455
xlen: 5
ylen: 2.5
topandbottom: 16
leftandright: 8
wedgeslope: 64
wedgeback: 16
