relax: 0.1
urelax: 0.1
dt: 10
fixedpointtol: 0.01
Ldim: 0.01
L: 1
alpha: 0.1
alpharad: 0.0996687
g: 9.81
nu: 1e-06
rho00: 1115
mu: 0.001115
kappa0: 1e-09
Sc: 1000
drhodz: -10
Nvar: 0.296618
gamma: 683.13
u0: 1.36626e-05
beta0: 8.96861e-05
beta: 6439.63
Re: 0.136626
kappa: 0.00731925
St: 217.102
xlen: 5
ylen: 2.5
topandbottom: 16
leftandright: 8
wedgeslope: 64
wedgeback: 16
