relax: 0.1
urelax: 0.1
dt: 10
fixedpointtol: 0.01
Ldim: 0.01
L: 1
alpha: 0.1
alpharad: 0.0996687
g: 9.81
nu: 1e-06
rho00: 1115
mu: 0.001115
kappa0: 2e-09
Sc: 500
drhodz: -100
Nvar: 0.937988
gamma: 1021.52
u0: 4.08607e-05
beta0: 0.000896861
beta: 21532.2
Re: 0.408607
kappa: 0.00489468
St: 229.557
xlen: 5
ylen: 2.5
topandbottom: 16
leftandright: 8
wedgeslope: 64
wedgeback: 16
