relax: 0.1
urelax: 0.1
dt: 10
fixedpointtol: 0.01
Ldim: 0.01
L: 1
alpha: 0.1
alpharad: 0.0996687
g: 9.81
nu: 1e-06
rho00: 1115
mu: 0.001115
kappa0: 1e-09
Sc: 1000
drhodz: -1000
Nvar: 2.96618
gamma: 2160.25
u0: 4.32049e-05
beta0: 0.00896861
beta: 203639
Re: 0.432049
kappa: 0.00231455
St: 686.537
xlen: 5
ylen: 2.5
topandbottom: 16
leftandright: 8
wedgeslope: 64
wedgeback: 16
