relax: 0.1
urelax: 0.1
dt: 10
fixedpointtol: 0.01
Ldim: 0.01
L: 1
alpha: 0.1
alpharad: 0.0996687
g: 9.81
nu: 1e-06
rho00: 1115
mu: 0.001115
kappa0: 5e-10
Sc: 2000
drhodz: -100
Nvar: 0.937988
gamma: 1444.64
u0: 1.44464e-05
beta0: 0.000896861
beta: 60902.3
Re: 0.144464
kappa: 0.00346106
St: 649.287
xlen: 5
ylen: 2.5
topandbottom: 16
leftandright: 8
wedgeslope: 64
wedgeback: 16
