relax: 0.1
urelax: 0.1
dt: 10
fixedpointtol: 0.01
Ldim: 0.01
L: 1
alpha: 0.1
alpharad: 0.0996687
g: 9.81
nu: 1e-06
rho00: 1115
mu: 0.001115
kappa0: 1e-09
Sc: 1000
drhodz: -1
Nvar: 0.0937988
gamma: 384.152
u0: 7.68304e-06
beta0: 8.96861e-06
beta: 1145.15
Re: 0.0768304
kappa: 0.0130157
St: 122.085
Ubackground: 0
U: 0
xlen: 5
ylen: 2.5
topandbottom: 8
leftandright: 4
wedgeslope: 32
wedgeback: 8
