1relax: 0.1
urelax: 0.1
dt: 10
fixedpointtol: 0.01
Ldim: 0.01
L: 1
alpha: 0.1
alpharad: 0.0996687
g: 9.81
nu: 1e-06
rho00: 1115
mu: 0.001115
kappa0: 1e-09
Sc: 1000
drhodz: -500
Nvar: 2.0974
gamma: 1816.54
u0: 3.63309e-05
beta0: 0.0044843
beta: 121084
Re: 0.363309
kappa: 0.00275248
St: 577.306
xlen: 5
ylen: 2.5
topandbottom: 16
leftandright: 8
wedgeslope: 64
wedgeback: 16
