relax: 0.1
urelax: 0.1
dt: 10
fixedpointtol: 0.01
Ldim: 0.01
L: 1
alpha: 0.14
alpharad: 0.139096
g: 9.81
nu: 1e-06
rho00: 1115
mu: 0.001115
kappa0: 1e-09
Sc: 1000
drhodz: -100
Nvar: 0.937988
gamma: 1433.97
u0: 2.04853e-05
beta0: 0.000896861
beta: 42948.9
Re: 0.204853
kappa: 0.00488155
St: 457.884
xlen: 5
ylen: 2.5
topandbottom: 16
leftandright: 8
wedgeslope: 64
wedgeback: 16
