relax: 0.1
urelax: 0.1
dt: 10
fixedpointtol: 0.01
Ldim: 0.01
L: 1
alpha: 0.1
alpharad: 0.0996687
g: 9.81
nu: 1e-06
rho00: 1115
mu: 0.001115
kappa0: 1e-08
Sc: 100
drhodz: -300
Nvar: 1.62464
gamma: 899.049
u0: 0.00017981
beta0: 0.00269058
beta: 14679.2
Re: 1.7981
kappa: 0.00556143
St: 90.3533
xlen: 5
ylen: 2.5
topandbottom: 16
leftandright: 8
wedgeslope: 64
wedgeback: 16
