relax: 0.1
urelax: 0.1
dt: 10
fixedpointtol: 0.01
Ldim: 0.01
L: 1
alpha: 0.1
alpharad: 0.0996687
g: 9.81
nu: 1e-06
rho00: 1115
mu: 0.001115
kappa0: 4e-10
Sc: 2500
drhodz: -1
Nvar: 0.0937988
gamma: 483.046
u0: 3.86437e-06
beta0: 8.96861e-06
beta: 2276.75
Re: 0.0386437
kappa: 0.010351
St: 242.727
xlen: 5
ylen: 2.5
topandbottom: 16
leftandright: 8
wedgeslope: 64
wedgeback: 16
