relax: 0.1
urelax: 0.1
dt: 10
fixedpointtol: 0.01
Ldim: 0.01
L: 1
alpha: 0.1
alpharad: 0.0996687
g: 9.81
nu: 1e-06
rho00: 1115
mu: 0.001115
kappa0: 1e-06
Sc: 1
drhodz: -10
Nvar: 0.296618
gamma: 121.48
u0: 0.00242959
beta0: 8.96861e-05
beta: 36.2127
Re: 24.2959
kappa: 0.0411592
St: 1.22085
xlen: 5
ylen: 2.5
topandbottom: 16
leftandright: 8
wedgeslope: 64
wedgeback: 16
