relax: 0.1
urelax: 0.1
dt: 10
fixedpointtol: 0.01
Ldim: 0.01
L: 1
alpha: 0.1
alpharad: 0.0996687
g: 9.81
nu: 1e-06
rho00: 1115
mu: 0.001115
kappa0: 2e-09
Sc: 500
drhodz: -1
Nvar: 0.0937988
gamma: 323.032
u0: 1.29213e-05
beta0: 8.96861e-06
beta: 680.908
Re: 0.129213
kappa: 0.0154783
St: 72.5924
xlen: 5
ylen: 2.5
topandbottom: 16
leftandright: 8
wedgeslope: 64
wedgeback: 16
