relax: 0.1
urelax: 0.1
dt: 10
fixedpointtol: 0.01
Ldim: 0.01
L: 1
alpha: 0.1
alpharad: 0.0996687
g: 9.81
nu: 1e-06
rho00: 1115
mu: 0.001115
kappa0: 1e-09
Sc: 1000
drhodz: -750
Nvar: 2.56878
gamma: 2010.34
u0: 4.02067e-05
beta0: 0.00672646
beta: 164118
Re: 0.402067
kappa: 0.00248715
St: 638.895
xlen: 5
ylen: 2.5
topandbottom: 16
leftandright: 8
wedgeslope: 64
wedgeback: 16
