relax: 0.1
urelax: 0.1
dt: 10
fixedpointtol: 0.01
Ldim: 0.01
L: 1
alpha: 0.1
alpharad: 0.0996687
g: 9.81
nu: 1e-06
rho00: 1115
mu: 0.001115
kappa0: 6.66667e-10
Sc: 1500
drhodz: -100
Nvar: 0.937988
gamma: 1344.39
u0: 1.79252e-05
beta0: 0.000896861
beta: 49082.8
Re: 0.179252
kappa: 0.00371915
St: 523.278
xlen: 5
ylen: 2.5
topandbottom: 16
leftandright: 8
wedgeslope: 64
wedgeback: 16
