relax: 0.1
urelax: 0.1
dt: 10
fixedpointtol: 0.01
Ldim: 0.01
L: 1
alpha: 0.1
alpharad: 0.0996687
g: 9.81
nu: 1e-06
rho00: 1115
mu: 0.001115
kappa0: 1e-08
Sc: 100
drhodz: -100
Nvar: 0.937988
gamma: 683.13
u0: 0.000136626
beta0: 0.000896861
beta: 6439.63
Re: 1.36626
kappa: 0.00731925
St: 68.6537
xlen: 5
ylen: 2.5
topandbottom: 16
leftandright: 8
wedgeslope: 64
wedgeback: 16
