relax: 0.1
urelax: 0.1
tol: 0.001
g: 9.81
nu: 1e-06
rho00: 1115
mu: 0.001115
kappa0: 1e-06
Sc: 1
Ldim: 0.1
L: 1
alpha: 0.1
alpharad: 0.0996687
drhodz: -1e-06
Nvar: 9.37988e-05
gamma: 2.16025
u0: 4.32049e-05
beta0: 8.96861e-11
beta: 0.203639
Re: 4.32049
kappa: 0.231455
Ubackground: 1e-07
U: 0.00231455
xlen: 15
ylen: 5
topandbottom: 30
leftandright: 20
wedgeslope: 70
wedgeback: 20
