relax: 0.1
urelax: 0.1
dt: 10
fixedpointtol: 0.01
Ldim: 0.01
L: 1
alpha: 0.1
alpharad: 0.0996687
g: 9.81
nu: 1e-06
rho00: 1115
mu: 0.001115
kappa0: 1e-08
Sc: 100
drhodz: -1
Nvar: 0.0937988
gamma: 216.025
u0: 4.32049e-05
beta0: 8.96861e-06
beta: 203.639
Re: 0.432049
kappa: 0.0231455
St: 21.7102
xlen: 5
ylen: 2.5
topandbottom: 16
leftandright: 8
wedgeslope: 64
wedgeback: 16
