relax: 0.1
urelax: 0.1
dt: 10
fixedpointtol: 0.01
Ldim: 0.01
L: 1
alpha: 0.1
alpharad: 0.0996687
g: 9.81
nu: 1e-06
rho00: 1115
mu: 0.001115
kappa0: 1e-06
Sc: 1
drhodz: -1
Nvar: 0.0937988
gamma: 68.313
u0: 0.00136626
beta0: 8.96861e-06
beta: 6.43963
Re: 13.6626
kappa: 0.0731925
St: 0.686537
xlen: 5
ylen: 2.5
topandbottom: 16
leftandright: 8
wedgeslope: 64
wedgeback: 16
