relax: 0.1
urelax: 0.1
dt: 10
fixedpointtol: 0.01
Ldim: 0.01
L: 1
alpha: 0.03
alpharad: 0.029991
g: 9.81
nu: 1e-06
rho00: 1115
mu: 0.001115
kappa0: 1e-09
Sc: 1000
drhodz: -100
Nvar: 0.937988
gamma: 666.878
u0: 4.44585e-05
beta0: 0.000896861
beta: 19789.7
Re: 0.444585
kappa: 0.00224929
St: 210.98
xlen: 5
ylen: 2.5
topandbottom: 16
leftandright: 8
wedgeslope: 64
wedgeback: 16
